pos_x = 0.0474024264035191
pos_y = 0.1022691777860025
theta_z = 28.78243531419952
c = 0.0232676302133124
r = 0.3273093755297212
pos_z = 0.0063719307586091
theta_y = 0.6168099432343883

core_width = 0.0125
n_lam = 4
plate_width = 0.2
plate_height = 0.2

E1 = 20700000000.0
E2 = 20790000000.0
G12 = 4500000000.0
v12 = 0.15
rho_g = 2100
E = 92000000.0
v = 0.33
G = 20000000.0
rho_r = 75
