core_width = 0.0125
n_lam = 4
plate_width = 0.19
plate_height = 0.2
t = 0.00025
E1 = 21869971486.07337
E2 = 19573799345.142124
G12 = 4200477723.0902557
v12 = 0.15993083522556875
rho_g = 1911.7091764529541
E = 86558106.13337724
v = 0.4549772534847238
G = 606906.4565189156
rho_r = 70.31091225314675
