pos_x = 0.0635802615029641
pos_y = 0.057974782410408
theta = 123.50922355624866
c = 0.0797666932504988
r = 0.3561328546581435
n_dam = 4.0

core_width = 0.0125
n_lam = 4
plate_width = 0.2
plate_height = 0.2

E1 = 20700000000.0
E2 = 20790000000.0
G12 = 4500000000.0
v12 = 0.15
rho_g = 2100
E = 92000000.0
v = 0.33
G = 20000000.0
rho_r = 75
